algorithm: cscmo
opt_problem: mw8
max_eval: 600
runner_num: 10
pop_size: 100
exec_time: 5127.506429433823
igd: 0.12607124050872276
igd+: 0.11862306877804704
hv: 0.18422220493423094
