algorithm: cscmo
opt_problem: mw2
max_eval: 600
runner_num: 0
pop_size: 100
exec_time: 1647.0334866046906
igd: 0.09155868833803928
igd+: 0.09111735738862288
hv: 0.34781987026224453
