algorithm: cscmo
opt_problem: mw8
max_eval: 600
runner_num: 0
pop_size: 100
exec_time: 2757.4744732379913
igd: 0.13486937478822789
igd+: 0.12602689062749672
hv: 0.18858368704187797
