algorithm: cscmo
opt_problem: mw8
max_eval: 600
runner_num: 8
pop_size: 100
exec_time: 5804.632530212402
igd: 0.11993372425538953
igd+: 0.10772497528680938
hv: 0.20724659883985214
