algorithm: cscmo
opt_problem: mw1
max_eval: 600
pop_size: 100
exec_time: 1728.4125726222992
igd: 0.020531338508702538
igd+: 0.018033983200699644
hv: 0.44154386325978945
