algorithm: cscmo
opt_problem: mw6
max_eval: 600
runner_num: 7
pop_size: 100
exec_time: 2653.434498310089
igd: 0.08105567723590858
igd+: 0.07232009330648763
hv: 0.10001053230991216
