algorithm: cscmo
opt_problem: mw8
max_eval: 600
runner_num: 3
pop_size: 100
exec_time: 6572.066871166229
igd: 0.12610021942803218
igd+: 0.10999115532465079
hv: 0.2029722150079487
